# Time-averaged data for fix energy_flux
# TimeStep f_11 f_12
1000 0.804367 0.0246333
2000 0.61313 -0.234716
3000 1.32151 -0.382237
4000 0.347409 -0.514327
5000 0.478071 -0.590215
6000 1.57408 -0.286237
7000 1.07321 -0.376425
8000 -0.310773 0.104968
9000 0.0212836 0.333492
10000 0.224309 0.279649
11000 0.624066 0.262828
12000 -0.0377754 0.55293
13000 0.298617 0.65847
14000 0.398186 1.0549
15000 0.692995 2.00123
16000 0.717366 0.672996
17000 -0.519502 0.584681
18000 0.524743 0.132918
19000 0.971123 -0.624393
20000 1.12543 -0.282588
21000 1.14121 0.551247
22000 0.703832 0.852872
23000 1.19508 0.437984
24000 1.65378 -0.327066
25000 1.46032 -0.675369
26000 1.5457 -0.482735
27000 1.5582 -1.6164
28000 0.9455 -1.69833
29000 0.597455 -1.30721
30000 1.5478 -0.611153
31000 1.61727 -0.280702
32000 0.807077 1.34495
33000 1.14462 0.909737
34000 0.899204 -0.679618
35000 0.061158 -0.398641
36000 1.12461 -0.985171
37000 0.752342 -1.26458
38000 1.52622 -1.08642
39000 1.82655 -1.25712
40000 1.16558 -0.391219
41000 0.934139 -0.298161
42000 0.473638 0.230634
43000 0.585834 0.104452
44000 0.215471 0.56902
45000 -0.0226755 1.65321
46000 0.210769 0.646772
47000 0.422224 -0.554492
48000 -0.428718 -0.258129
49000 0.287731 -0.64634
50000 0.586497 -1.96077
51000 0.102699 -2.01584
52000 0.371617 -1.09124
53000 0.538566 -1.35038
54000 0.756298 -0.846358
55000 1.10246 -1.62604
56000 1.72329 -1.57533
57000 1.41936 -1.22022
58000 1.58075 -0.836628
59000 0.83281 -1.52459
60000 1.02288 -2.49095
61000 1.51215 -1.2405
62000 1.00983 -1.21284
63000 0.541304 -1.48038
64000 0.0532332 -0.60508
65000 0.789613 0.0574198
66000 0.93297 0.831513
67000 -0.160393 1.63934
68000 0.0595613 2.51617
69000 0.408387 2.26303
70000 0.247689 1.70395
71000 0.264666 2.43638
72000 -0.00348281 3.17947
73000 -0.13046 3.32021
74000 -0.515713 3.54658
75000 -0.335569 3.33844
76000 0.0206489 3.83899
77000 0.822094 3.46894
78000 1.01259 1.5034
79000 0.671106 0.770617
80000 0.553837 1.24327
81000 -0.188078 0.864677
82000 0.211148 1.90613
83000 -0.569424 1.37119
84000 -0.534173 1.59168
85000 -0.463113 0.638964
86000 -0.905224 -0.03495
87000 -0.89268 1.00853
88000 -1.00508 1.56551
89000 -1.10318 1.5835
90000 -1.04548 1.36151
91000 -0.450082 1.5541
92000 -0.627412 0.512995
93000 -1.10469 1.45887
94000 -1.15662 1.56295
95000 -0.580516 2.81667
96000 -0.519736 1.9045
97000 0.185991 2.56507
98000 0.564775 2.89478
99000 1.25318 2.79278
100000 0.873279 2.46873
101000 0.427582 2.9054
102000 -0.00482533 3.27138
103000 -0.35403 3.2404
104000 -0.357174 3.23377
105000 0.841625 3.04719
106000 0.361227 2.23717
107000 0.808975 1.65952
108000 1.73513 1.55743
109000 0.216851 2.58331
110000 0.00848034 3.04647
111000 -0.12867 2.95234
112000 -0.57999 3.55219
113000 0.00417092 4.05917
114000 -0.428202 3.42582
115000 -1.0995 2.9087
116000 -0.969384 2.72134
117000 -0.171229 2.50918
118000 0.435289 1.92648
119000 0.131018 1.9262
120000 0.289031 2.31446
121000 -0.142704 1.815
122000 -0.805256 1.65369
123000 -1.22008 1.94196
124000 -0.291015 2.49074
125000 -1.91203 3.01734
126000 -1.50686 3.2776
127000 -1.18794 3.10001
128000 -1.54719 2.92586
129000 -2.13301 3.17149
130000 -1.6216 3.35721
131000 -1.81718 3.43691
132000 -2.31816 2.82353
133000 -2.1844 2.35342
134000 -2.10028 2.24532
135000 -1.46914 1.5886
136000 -0.952838 1.58008
137000 -0.855155 1.54939
138000 -0.554136 0.0603975
139000 -0.643293 -0.93377
140000 -0.335112 -0.584864
141000 -1.11075 -0.450042
142000 -0.849143 -1.02743
143000 -0.77259 -0.880349
144000 -1.34866 -0.621266
145000 -1.60428 -0.570934
146000 -1.96142 0.717544
147000 -1.23645 1.99353
148000 -1.58232 2.08127
149000 -1.25936 1.41192
150000 -1.49358 1.54267
151000 -1.28389 1.84583
152000 -1.16891 1.70966
153000 -1.14519 0.728116
154000 -0.550753 1.38595
155000 -0.699416 1.78663
156000 -0.287989 1.4706
157000 0.913406 2.35418
158000 0.290246 2.56678
159000 -0.102138 2.53398
160000 0.457138 3.26062
161000 0.584972 3.05179
162000 0.689456 2.47465
163000 0.550754 2.68131
164000 -0.222592 2.33168
165000 0.411758 1.04125
166000 1.21938 1.10733
167000 0.254105 1.9345
168000 1.01986 2.21278
169000 1.32518 2.14586
170000 1.13601 1.42913
171000 1.08319 1.40658
172000 1.26222 1.52133
173000 1.32017 2.20399
174000 0.807191 1.51697
175000 0.312696 1.71836
176000 0.741759 2.22221
177000 1.21629 3.34887
178000 1.20807 4.25744
179000 1.36701 5.31852
180000 1.38865 4.4685
181000 0.748501 3.52556
182000 0.0199958 3.89399
183000 -0.20896 3.90073
184000 0.278689 2.87179
185000 0.785987 3.62606
186000 0.637716 3.66539
187000 -0.0301909 3.17736
188000 -1.30931 3.02918
189000 -2.05507 3.17423
190000 -1.98504 3.8844
191000 -2.744 3.02791
192000 -2.2895 3.67854
193000 -2.21025 4.73428
194000 -1.65811 5.08408
195000 -1.97151 5.79271
196000 -1.35293 5.71581
197000 -2.17294 6.94363
198000 -1.92525 6.51767
199000 -2.05192 6.54241
200000 -2.42132 6.97296
201000 -2.76735 7.78486
202000 -2.5615 7.88336
203000 -2.96886 7.4775
204000 -2.55973 7.28723
205000 -1.90749 7.23798
206000 -1.76974 6.48256
207000 -1.86421 6.21942
208000 -1.66436 5.83763
209000 -1.54128 5.63769
210000 -1.53057 4.55237
211000 -1.00935 5.01944
212000 -1.36515 4.80542
213000 -0.481625 4.02384
214000 0.00839336 3.75068
215000 -0.418548 4.0149
216000 -0.939357 2.88183
217000 -0.929641 1.89548
218000 -1.60462 2.52948
219000 -1.78218 3.27894
220000 -0.833831 3.31873
221000 -1.11573 3.00385
222000 -1.14939 3.66243
223000 -1.48125 4.57861
224000 -1.72888 4.10542
225000 -1.29722 3.54515
226000 -1.8021 4.32896
227000 -2.65422 4.08054
228000 -2.3741 3.56574
229000 -3.17762 3.85493
230000 -2.92039 4.75595
231000 -2.59574 4.23855
232000 -2.98162 4.35226
233000 -2.16912 4.37188
234000 -1.74258 3.46881
235000 -1.34034 2.62989
236000 -1.17993 2.92442
237000 -0.638632 3.70817
238000 0.231383 3.69056
239000 -1.23198 3.5319
240000 -0.806115 3.13729
241000 -1.78561 3.90846
242000 -2.96245 3.40475
243000 -2.11472 3.41509
244000 -2.14473 3.64924
245000 -2.48595 3.49381
246000 -1.60557 2.53145
247000 -0.965097 2.28231
248000 -1.83287 2.34643
249000 -2.00274 3.03346
250000 -1.5729 2.43831
251000 -1.92453 2.70477
252000 -1.88818 2.75513
253000 -1.56776 1.89286
254000 -1.34002 1.70919
255000 -1.02034 2.48958
256000 -0.995809 2.3372
257000 -0.0264321 3.07368
258000 0.648871 2.85484
259000 0.0346064 2.7052
260000 -0.854731 2.26357
261000 -1.23737 1.79067
262000 -1.14846 1.02418
263000 -0.203375 0.920065
264000 0.303887 0.453511
265000 -0.264071 0.0301123
266000 -0.438868 0.347332
267000 -0.580028 0.587093
268000 -0.647558 0.0554146
269000 -0.695013 0.51833
270000 -0.318818 0.535917
271000 -0.968636 -0.283765
272000 -1.15851 0.348316
273000 -0.359005 0.211798
274000 -0.7856 0.452845
275000 -1.11686 1.32498
276000 -0.99086 2.31077
277000 -1.27225 2.70072
278000 -1.53531 1.92715
279000 -1.72917 1.93738
280000 -1.71513 3.2168
281000 -1.67213 2.88202
282000 -1.76978 2.86591
283000 -2.20864 2.8913
284000 -1.33621 1.95784
285000 -1.50838 1.87836
286000 -2.07064 1.63262
287000 -2.04546 2.02268
288000 -2.6167 1.84788
289000 -2.13949 1.74701
290000 -2.19316 2.48808
291000 -2.41401 2.99784
292000 -2.53797 3.46457
293000 -2.28047 4.46059
294000 -2.44121 4.78984
295000 -2.98999 3.7205
296000 -3.15921 3.89531
297000 -2.80133 4.91612
298000 -3.36407 5.07083
299000 -3.10789 5.69891
300000 -2.91023 4.74813
301000 -3.15089 5.344
302000 -3.29897 5.35722
303000 -2.93079 5.62771
304000 -2.73651 6.30605
305000 -2.31539 6.40476
306000 -2.37364 5.35857
307000 -2.96743 6.89261
308000 -3.32377 6.19672
309000 -3.20738 5.01697
310000 -2.91527 4.43529
311000 -3.46846 3.78571
312000 -3.66913 4.26716
313000 -3.84949 4.55542
314000 -3.92187 5.62061
315000 -3.28952 6.57025
316000 -3.34802 6.82733
317000 -4.19108 5.53682
318000 -4.37738 5.5794
319000 -4.03369 5.76017
320000 -5.12157 5.50464
321000 -5.51026 5.41446
322000 -4.78513 6.81653
323000 -4.95342 7.01809
324000 -4.63399 6.90817
325000 -4.56104 6.35074
326000 -5.63615 6.10181
327000 -5.11469 5.88172
328000 -4.57799 4.92262
329000 -4.6562 5.77761
330000 -5.32591 6.75616
331000 -5.3702 6.95671
332000 -6.09317 6.39112
333000 -6.19891 6.31651
334000 -5.66826 7.21136
335000 -4.35456 8.23193
336000 -4.10133 8.4642
337000 -4.29291 8.79083
338000 -4.77821 8.61053
339000 -5.07894 8.193
340000 -4.66548 8.14423
341000 -4.41465 8.71895
342000 -4.3161 9.49856
343000 -4.00398 9.44311
344000 -3.85599 9.17315
345000 -4.07933 8.9574
346000 -3.60837 9.00477
347000 -4.64364 8.55649
348000 -4.44965 9.32842
349000 -4.97989 9.67265
350000 -5.37465 9.59345
351000 -6.13256 9.23078
352000 -6.46915 9.49251
353000 -5.21733 9.80316
354000 -5.78311 9.58409
355000 -5.35308 9.48263
356000 -5.74087 9.2729
357000 -4.63342 9.00804
358000 -4.69128 7.72906
359000 -5.04336 7.96046
360000 -4.15955 9.11108
361000 -4.82783 9.82016
362000 -4.84004 10.6147
363000 -5.25543 10.8784
364000 -4.37649 11.8513
365000 -4.43291 10.4194
366000 -4.23669 9.65698
367000 -3.55367 8.39443
368000 -3.35306 8.37576
369000 -3.23579 8.77654
370000 -3.33501 9.35193
371000 -4.3485 9.21568
372000 -4.50948 8.35611
373000 -4.05405 8.52984
374000 -3.73904 8.13247
375000 -4.46701 7.68644
376000 -4.47753 7.80377
377000 -5.14179 7.22171
378000 -5.10115 7.3636
379000 -5.19792 6.76376
380000 -5.16937 6.7816
381000 -4.83866 6.90352
382000 -5.33802 7.37474
383000 -4.78821 8.01443
384000 -5.1939 8.06383
385000 -5.34547 8.13582
386000 -5.01453 8.47187
387000 -4.43515 7.90459
388000 -3.97659 7.41076
389000 -4.6792 6.8804
390000 -4.76359 7.66548
391000 -4.57441 7.58037
392000 -4.51919 7.1305
393000 -4.50957 7.25161
394000 -4.82115 7.00517
395000 -4.70016 7.3506
396000 -4.35644 6.73503
397000 -5.71342 5.96152
398000 -5.97061 6.10156
399000 -5.0778 4.82602
400000 -4.8765 4.74401
401000 -5.27396 4.97247
402000 -5.4336 3.79382
403000 -5.12264 4.24405
404000 -4.75188 3.55833
405000 -5.28344 3.45621
406000 -5.43544 3.9007
407000 -5.39178 4.6724
408000 -5.46635 5.06788
409000 -5.14456 5.13558
410000 -5.3445 5.40671
411000 -4.07902 4.62312
412000 -4.44905 4.87028
413000 -3.93908 4.32338
414000 -3.21438 4.20426
415000 -3.39431 3.48289
416000 -4.65352 3.50361
417000 -4.72073 4.92476
418000 -4.32073 5.64644
419000 -5.19969 5.35769
420000 -5.08416 5.89182
421000 -4.06317 6.37479
422000 -4.07302 5.9517
423000 -3.62048 5.64333
424000 -3.69884 5.85851
425000 -4.30273 6.03616
426000 -4.08434 6.26262
427000 -4.32802 4.92254
428000 -4.40544 3.95306
429000 -4.09126 3.40363
430000 -5.027 3.05101
431000 -4.93334 2.80849
432000 -5.27254 3.36779
433000 -5.77011 4.18345
434000 -5.72396 5.07366
435000 -6.73094 5.7395
436000 -5.77446 6.11338
437000 -5.14054 6.41655
438000 -5.3789 7.16187
439000 -5.84755 6.62182
440000 -5.83338 5.78755
441000 -5.65111 5.59226
442000 -6.63216 5.86241
443000 -6.05847 5.666
444000 -6.582 6.40823
445000 -6.29707 7.35143
446000 -6.4443 6.53378
447000 -7.07716 6.66962
448000 -6.84318 6.6412
449000 -5.85625 7.05767
450000 -5.78527 7.31357
451000 -5.55382 7.32739
452000 -5.24123 7.70091
453000 -4.7921 8.65597
454000 -4.59447 8.28246
455000 -5.64888 7.82246
456000 -4.66088 7.42164
457000 -4.15556 7.67074
458000 -4.79246 8.55597
459000 -4.84188 8.9741
460000 -5.37431 8.36594
461000 -4.99345 8.42194
462000 -4.61897 7.84049
463000 -4.78499 8.48398
464000 -3.97807 8.06533
465000 -4.69196 8.51445
466000 -4.76226 9.00677
467000 -5.23939 9.86737
468000 -4.9399 10.511
469000 -4.82839 10.956
470000 -4.9095 9.47915
471000 -4.33587 8.90297
472000 -4.57562 8.81
473000 -4.44824 7.97778
474000 -5.7856 7.02328
475000 -5.18418 7.3973
476000 -5.58645 7.46942
477000 -5.76582 6.8495
478000 -5.71691 7.87279
479000 -4.73021 6.32851
480000 -5.25104 6.28943
481000 -5.38487 6.07548
482000 -5.15564 5.40726
483000 -5.24138 5.95345
484000 -5.89522 6.81186
485000 -5.6085 7.02912
486000 -5.74582 6.46769
487000 -5.65155 5.95952
488000 -5.38093 6.18403
489000 -6.00042 5.62727
490000 -6.73305 6.08617
491000 -6.25925 6.76488
492000 -5.38107 6.09822
493000 -5.26387 5.24432
494000 -5.01918 5.46905
495000 -4.89688 5.21199
496000 -5.11823 5.30991
497000 -4.76847 5.09968
498000 -4.09897 5.93606
499000 -4.72105 5.40917
500000 -4.48628 5.30619
501000 -4.68702 5.91762
502000 -5.13151 5.58066
503000 -4.82062 6.1486
504000 -5.28289 6.29418
505000 -5.84696 6.40808
506000 -5.55252 7.15625
507000 -5.4937 6.42997
508000 -5.83437 6.42993
509000 -5.21314 7.01801
510000 -5.75464 6.88731
511000 -6.59249 6.41214
512000 -7.44608 6.59789
513000 -7.43165 6.13033
514000 -6.75244 5.87006
515000 -7.6213 6.23341
516000 -7.08042 6.26681
517000 -5.90562 6.17153
518000 -6.93942 6.44029
519000 -6.41664 6.99514
520000 -6.2998 6.65606
521000 -7.27487 5.6926
522000 -7.13329 5.42969
523000 -6.90882 5.75428
524000 -6.76147 5.72838
525000 -6.72282 5.90423
526000 -7.36128 6.40283
527000 -6.7116 6.79551
528000 -6.95963 6.72905
529000 -7.36353 6.52397
530000 -7.11535 7.42919
531000 -7.07183 6.71604
532000 -7.13088 6.85988
533000 -7.56256 6.33728
534000 -7.34129 6.52012
535000 -7.37778 6.29787
536000 -6.99458 7.37199
537000 -7.78497 6.76526
538000 -7.36742 6.20235
539000 -7.07023 6.46893
540000 -7.60757 6.91936
541000 -7.1241 6.51508
542000 -7.09337 6.4063
543000 -7.29594 6.72099
544000 -7.15561 5.39529
545000 -7.80309 5.96715
546000 -7.50806 7.03156
547000 -7.25261 6.54836
548000 -6.63969 6.09136
549000 -6.03407 5.48421
550000 -5.953 5.59423
551000 -5.02395 6.73492
552000 -6.29854 7.04546
553000 -6.85655 6.39363
554000 -6.41231 7.02927
555000 -6.18804 6.04378
556000 -5.58194 6.10183
557000 -5.8009 6.14031
558000 -5.48969 5.96814
559000 -6.02909 6.13779
560000 -6.36283 6.09296
561000 -6.25061 5.41095
562000 -6.41234 4.66618
563000 -6.1085 4.89696
564000 -5.81844 4.66606
565000 -5.75249 4.66928
566000 -5.83148 3.79011
567000 -5.28821 4.50897
568000 -6.27489 4.97678
569000 -6.34869 5.20235
570000 -6.07745 5.79155
571000 -5.92495 6.18104
572000 -5.81828 6.19718
573000 -5.97339 6.83043
574000 -6.62496 6.21701
575000 -7.06052 6.32568
576000 -6.69723 6.53908
577000 -6.21672 5.43708
578000 -5.9658 5.35993
579000 -5.69987 5.72455
580000 -5.60126 6.11344
581000 -7.22422 6.25209
582000 -7.18374 5.65054
583000 -6.54621 5.65361
584000 -6.66228 6.1316
585000 -6.34896 7.06098
586000 -6.52861 6.80724
587000 -7.40412 6.26532
588000 -7.46184 7.32936
589000 -7.84194 7.19858
590000 -7.83185 7.37043
591000 -7.01387 5.6493
592000 -6.47116 5.66403
593000 -6.60156 6.13138
594000 -6.94574 5.64921
595000 -7.19686 6.12666
596000 -7.18171 7.1406
597000 -6.86136 7.69491
598000 -7.12658 7.6364
599000 -7.20692 7.58071
600000 -7.90167 8.04043
601000 -8.8891 8.39707
602000 -7.63273 7.50224
603000 -8.11954 7.91811
604000 -7.76024 8.11916
605000 -8.0943 8.03631
606000 -8.72644 8.87856
607000 -8.31735 8.35624
608000 -8.08206 8.05709
609000 -9.00686 7.50412
610000 -8.91188 7.36804
611000 -8.69692 7.55511
612000 -8.22147 8.66498
613000 -9.37116 8.65051
614000 -9.67963 8.40483
615000 -10.1807 9.1264
616000 -9.44473 8.07807
617000 -9.39008 8.72004
618000 -10.4775 8.44592
619000 -10.303 8.06563
620000 -9.84195 8.9318
621000 -9.81427 8.18618
622000 -9.97522 7.04924
623000 -9.35452 7.29544
624000 -8.62258 7.39782
625000 -8.30197 8.18515
626000 -8.27741 8.91448
627000 -8.2198 8.83009
628000 -7.96292 9.36411
629000 -8.70771 9.56046
630000 -9.22207 10.5859
631000 -9.45843 9.68288
632000 -9.52793 10.7939
633000 -8.99602 9.60025
634000 -9.41427 9.50096
635000 -9.73832 8.66837
636000 -10.6151 8.52765
637000 -10.2753 9.01214
638000 -10.3863 10.6013
639000 -9.18607 10.7166
640000 -9.35675 11.4234
641000 -9.17687 10.8106
642000 -8.2251 9.9896
643000 -8.51477 9.78792
644000 -8.5677 8.83318
645000 -8.31328 9.65895
646000 -8.92812 9.50775
647000 -7.64475 9.89831
648000 -8.37736 10.2327
649000 -7.82926 9.17954
650000 -8.0921 9.91237
651000 -8.21588 10.1753
652000 -8.71023 9.56873
653000 -8.83222 9.24055
654000 -8.44873 8.45709
655000 -7.95724 9.19567
656000 -7.76462 9.79014
657000 -8.05568 9.72006
658000 -7.70367 8.94942
659000 -7.17674 8.77705
660000 -8.0412 9.41298
661000 -8.1519 9.69954
662000 -8.30331 9.81978
663000 -7.90349 10.7916
664000 -8.01486 10.1512
665000 -8.12549 9.87248
666000 -8.14798 9.74318
667000 -7.88245 10.1272
668000 -8.12058 9.36683
669000 -8.13406 9.23884
670000 -7.51105 9.14948
671000 -7.82989 8.7854
672000 -8.35738 9.14805
673000 -7.42953 9.77361
674000 -7.57696 9.21617
675000 -8.20533 8.34732
676000 -8.34423 7.78879
677000 -8.46695 8.24924
678000 -9.19836 9.29862
679000 -9.55698 9.28609
680000 -10.3133 9.23957
681000 -9.842 8.79673
682000 -10.784 8.11027
683000 -10.5014 8.04403
684000 -10.4477 7.30099
685000 -10.387 6.63451
686000 -10.8833 6.6219
687000 -10.2795 6.69261
688000 -9.29443 7.58807
689000 -9.97302 7.3888
690000 -10.733 7.73151
691000 -10.374 6.70047
692000 -9.85334 7.4884
693000 -9.54305 8.28165
694000 -9.15061 8.50453
695000 -8.54563 8.39675
696000 -8.62822 9.02405
697000 -8.34067 9.42296
698000 -8.75063 9.09108
699000 -9.57194 8.88318
700000 -9.74157 8.8288
701000 -9.33945 8.85681
702000 -8.89626 8.92364
703000 -8.79217 9.21483
704000 -8.98324 8.99012
705000 -8.66656 7.51829
706000 -8.90569 7.50495
707000 -8.81971 6.80674
708000 -9.52743 7.55622
709000 -10.1938 7.29234
710000 -9.8452 6.49708
711000 -9.62464 6.75374
712000 -9.27541 7.2639
713000 -8.37445 7.59756
714000 -8.5209 7.29625
715000 -8.9447 7.54107
716000 -7.9035 6.73561
717000 -8.37062 7.11516
718000 -8.80426 7.30079
719000 -8.41905 7.73689
720000 -9.01943 8.24726
721000 -8.98963 8.21841
722000 -8.63518 8.94817
723000 -7.84343 9.13401
724000 -7.85296 8.686
725000 -7.00858 8.39528
726000 -7.35403 8.54865
727000 -7.83679 8.17731
728000 -8.02823 6.7699
729000 -8.387 6.41151
730000 -8.67673 7.18535
731000 -8.93897 8.65967
732000 -9.52712 8.8883
733000 -8.68626 8.53941
734000 -8.04145 8.26587
735000 -8.1291 7.60871
736000 -8.59673 7.55002
737000 -8.93701 7.45928
738000 -9.89713 8.54028
739000 -9.51066 9.25547
740000 -9.00865 9.70487
741000 -8.72692 10.0261
742000 -7.63235 9.05793
743000 -8.85681 9.42526
744000 -9.22299 9.59156
745000 -9.53058 9.34463
746000 -9.64376 10.0679
747000 -10.316 9.81866
748000 -9.92023 8.50113
749000 -8.78491 8.95433
750000 -8.70555 8.97152
751000 -8.7437 7.93939
752000 -8.85304 6.34737
753000 -9.37438 5.7663
754000 -9.3684 6.62768
755000 -9.80888 7.77842
756000 -9.52038 8.13734
757000 -9.5866 7.89216
758000 -9.94682 8.95228
759000 -9.51018 8.71119
760000 -10.4283 7.86891
761000 -10.6465 8.84436
762000 -10.7425 8.36187
763000 -10.7526 6.89274
764000 -10.6955 7.72556
765000 -10.9794 8.37259
766000 -11.2622 9.35256
767000 -11.0578 8.77713
768000 -10.1017 9.66244
769000 -9.79198 10.6596
770000 -9.84316 10.4817
771000 -9.10376 9.53339
772000 -9.56999 9.26537
773000 -9.09505 8.53015
774000 -8.48699 7.94373
775000 -9.04334 8.28845
776000 -9.85076 8.26045
777000 -10.4958 7.6506
778000 -10.0924 7.48563
779000 -9.85781 7.5229
780000 -9.68826 7.58417
781000 -9.41904 7.76145
782000 -9.32462 8.17647
783000 -8.48212 9.04273
784000 -8.80609 9.28985
785000 -9.66738 9.06719
786000 -9.74404 8.52671
787000 -10.5249 8.83679
788000 -10.4008 8.51444
789000 -11.1188 7.99816
790000 -11.4671 8.14375
791000 -10.8399 7.55151
792000 -11.43 7.31476
793000 -11.1173 7.49165
794000 -11.0838 7.58355
795000 -12.1946 7.90023
796000 -11.5935 9.03358
797000 -10.9798 9.97768
798000 -11.3154 9.83981
799000 -11.6747 9.50756
800000 -11.679 9.18422
801000 -11.4744 8.40511
802000 -11.2405 8.50003
803000 -10.0219 8.07685
804000 -10.9006 7.42526
805000 -10.3892 7.67157
806000 -9.86593 7.07988
807000 -10.4297 6.39773
808000 -11.6165 6.51962
809000 -11.0625 7.34817
810000 -10.8101 7.52957
811000 -11.2129 8.28264
812000 -11.3678 8.70453
813000 -10.8419 8.62461
814000 -10.9974 8.4072
815000 -11.4286 7.91494
816000 -11.8123 7.85532
817000 -11.6532 6.81851
818000 -12.1776 6.23489
819000 -11.8409 6.70596
820000 -11.9364 6.23513
821000 -11.6475 6.88036
822000 -11.9253 7.17757
823000 -12.7302 7.28969
824000 -12.1586 6.57985
825000 -11.8733 6.63557
826000 -12.0235 7.07073
827000 -11.7475 7.11536
828000 -11.5199 8.19559
829000 -11.8809 7.11638
830000 -11.308 7.1403
831000 -11.0297 6.34714
832000 -11.5742 6.70941
833000 -12.2505 7.447
834000 -12.6442 7.34568
835000 -12.4452 7.36539
836000 -12.8501 8.74671
837000 -12.674 9.12871
838000 -12.2737 9.46677
839000 -12.4648 9.42782
840000 -12.281 8.86765
841000 -12.3352 10.2429
842000 -12.2462 11.0224
843000 -12.157 10.6541
844000 -12.2627 10.7627
845000 -12.053 9.95694
846000 -11.1469 10.4571
847000 -11.636 10.2457
848000 -12.2535 10.8285
849000 -12.4688 10.2632
850000 -12.3992 10.5856
851000 -11.6 10.211
852000 -11.797 9.54046
853000 -11.7184 9.52883
854000 -12.9842 9.04854
855000 -12.2515 8.85296
856000 -12.0269 9.01431
857000 -11.9801 9.84967
858000 -12.2229 9.98104
859000 -12.0315 10.7676
860000 -11.8544 10.7794
861000 -13.6364 11.0733
862000 -14.1349 10.5359
863000 -13.8269 10.8567
864000 -12.5113 9.33438
865000 -12.5656 8.41584
866000 -13.3269 8.69472
867000 -13.0494 8.24989
868000 -12.9618 8.44601
869000 -13.8581 8.74277
870000 -12.7051 9.74938
871000 -12.5251 8.2391
872000 -12.5444 8.0785
873000 -12.5321 8.20873
874000 -11.7154 9.44603
875000 -11.7657 9.727
876000 -11.5718 8.97756
877000 -11.2319 8.24956
878000 -12.2105 7.96253
879000 -12.8696 8.0874
880000 -12.5032 9.06985
881000 -12.5788 9.69504
882000 -12.5868 8.65413
883000 -12.7208 9.34465
884000 -13.024 9.2839
885000 -12.7472 8.82227
886000 -11.637 8.91442
887000 -11.0317 8.57508
888000 -11.8404 7.9622
889000 -11.4996 8.60229
890000 -11.3302 9.01977
891000 -11.1092 10.1664
892000 -10.4301 9.37844
893000 -11.3149 9.268
894000 -11.674 9.06348
895000 -11.4537 8.42322
896000 -11.7588 8.25541
897000 -11.8115 7.66751
898000 -11.5375 7.72217
899000 -11.7563 9.1055
900000 -12.7799 8.07634
901000 -12.6519 8.72159
902000 -11.9978 10.0228
903000 -11.1947 9.89426
904000 -11.6258 11.8082
905000 -11.7617 12.4311
906000 -11.9516 11.8346
907000 -12.1087 12.06
908000 -12.1362 12.5816
909000 -11.7183 12.1708
910000 -11.9559 12.1751
911000 -12.12 11.3317
912000 -11.821 11.5712
913000 -11.6725 11.487
914000 -10.9102 10.8479
915000 -11.5034 10.0137
916000 -11.0849 10.9458
917000 -11.1339 9.52435
918000 -11.6107 8.56372
919000 -11.3926 9.44936
920000 -11.2521 9.60093
921000 -10.6939 8.73789
922000 -11.407 9.30154
923000 -11.5929 8.62496
924000 -11.6064 9.14823
925000 -12.32 10.2083
926000 -11.4701 10.1176
927000 -11.3153 9.27648
928000 -11.3095 8.70678
929000 -10.8102 8.61062
930000 -11.1603 8.72164
931000 -10.5417 8.42089
932000 -9.59727 8.29945
933000 -10.2494 8.57219
934000 -10.741 8.66525
935000 -11.6708 7.9109
936000 -11.1809 7.64967
937000 -12.1104 7.94867
938000 -11.4567 8.09197
939000 -11.5236 8.38255
940000 -11.4735 8.41126
941000 -11.7063 8.99868
942000 -12.193 9.71247
943000 -13.5003 10.5688
944000 -14.0958 9.81701
945000 -13.9972 9.464
946000 -13.9432 9.39914
947000 -13.1636 9.9756
948000 -12.3108 9.15123
949000 -12.7367 10.0401
950000 -12.4537 9.97914
951000 -12.2655 9.01497
952000 -11.7812 9.85353
953000 -11.9139 10.2151
954000 -11.1511 10.5538
955000 -12.3437 10.6216
956000 -12.5004 11.0875
957000 -13.1964 10.9299
958000 -12.4637 11.3576
959000 -11.7931 10.5753
960000 -11.1062 10.4564
961000 -10.7963 9.74663
962000 -11.5649 9.60399
963000 -12.0111 9.45433
964000 -11.9712 9.69145
965000 -11.9531 10.428
966000 -11.8558 11.4075
967000 -11.7505 11.116
968000 -11.6669 11.2758
969000 -11.8697 11.6043
970000 -12.3615 11.5673
971000 -11.7157 11.29
972000 -11.5941 10.5835
973000 -11.3486 9.70276
974000 -11.3532 8.76485
975000 -11.9183 8.44797
976000 -12.0598 9.59953
977000 -12.7705 10.397
978000 -12.6866 10.4349
979000 -11.8595 9.44716
980000 -12.3854 9.56395
981000 -12.0718 10.1881
982000 -12.0637 10.2724
983000 -11.7436 9.75615
984000 -11.0752 9.7692
985000 -10.8173 9.66515
986000 -11.1498 10.0167
987000 -11.8875 9.01221
988000 -11.6975 9.23259
989000 -11.6493 9.70575
990000 -11.455 9.09781
991000 -12.3241 8.26027
992000 -11.0076 8.47449
993000 -10.7128 9.33984
994000 -11.3784 9.72573
995000 -11.8283 9.65114
996000 -11.8277 10.5033
997000 -12.2656 9.73576
998000 -11.404 8.99966
999000 -11.6761 9.5934
1000000 -12.2795 9.86964
1001000 -12.4539 10.5849
1002000 -12.6355 10.6501
1003000 -13.0972 10.5929
1004000 -12.8082 10.2764
1005000 -13.1595 10.2716
1006000 -13.3411 10.1764
1007000 -13.1339 9.60679
1008000 -12.3336 10.243
1009000 -12.2281 10.6425
1010000 -12.406 11.3359
1011000 -12.6446 10.902
1012000 -12.8875 11.5005
1013000 -12.5962 11.8165
1014000 -12.28 11.9235
1015000 -12.6399 11.6914
1016000 -12.15 11.1077
1017000 -13.3174 10.6248
1018000 -13.5513 10.5178
1019000 -13.229 10.0204
1020000 -12.1913 9.78707
1021000 -12.2197 9.08219
1022000 -13.1132 9.51411
1023000 -13.9966 10.0578
1024000 -12.8885 10.1184
1025000 -12.2936 10.8567
1026000 -13.503 10.4064
1027000 -13.1054 10.2213
1028000 -12.6955 9.61463
1029000 -13.2682 10.7256
1030000 -13.6154 12.0864
1031000 -12.6425 11.4708
1032000 -12.2586 9.98797
1033000 -12.0536 10.5127
1034000 -11.5865 10.2696
1035000 -11.5958 9.75434
1036000 -12.5816 10.6179
1037000 -12.4643 10.0994
1038000 -12.6 10.9288
1039000 -12.5153 10.3684
1040000 -12.0455 10.4595
1041000 -11.8741 9.88282
1042000 -11.8521 10.0485
1043000 -12.2658 9.89888
1044000 -12.0035 9.46069
1045000 -12.4694 9.9294
1046000 -11.6029 9.36858
1047000 -11.2584 9.31626
1048000 -11.3861 9.63584
1049000 -11.0834 9.88085
1050000 -11.2456 9.79201
1051000 -11.1901 10.0435
1052000 -11.4088 10.5842
1053000 -11.6906 10.8694
1054000 -11.3591 11.2236
1055000 -10.3549 11.4425
1056000 -10.7562 12.3352
1057000 -10.4598 13.3443
1058000 -9.57142 13.0434
1059000 -10.3731 12.6235
1060000 -11.2756 12.9232
1061000 -10.9704 13.4168
1062000 -12.3879 13.0195
1063000 -12.4069 12.9226
1064000 -12.5565 12.8434
1065000 -12.518 13.1006
1066000 -12.1134 13.5221
1067000 -12.0403 13.3925
1068000 -12.2428 13.3774
1069000 -11.6765 13.4988
1070000 -11.0436 12.6322
1071000 -11.6227 12.4736
1072000 -11.5094 12.7754
1073000 -11.4749 12.8354
1074000 -11.9731 13.2348
1075000 -11.7769 12.4928
1076000 -12.1107 12.1252
1077000 -12.7945 12.039
1078000 -12.6307 11.886
1079000 -13.1049 11.7558
1080000 -12.6711 12.0551
1081000 -11.9064 11.374
1082000 -12.2835 12.0531
1083000 -12.3678 11.8915
1084000 -12.2144 11.5173
1085000 -12.1351 12.1426
1086000 -11.9658 11.4955
1087000 -11.9641 12.0057
1088000 -12.3265 12.0282
1089000 -12.2939 11.4374
1090000 -12.0521 12.4992
1091000 -11.7386 11.5344
1092000 -11.7059 10.9243
1093000 -12.6959 10.1949
1094000 -11.8121 10.0827
1095000 -11.5022 9.78607
1096000 -11.4822 9.5913
1097000 -11.5218 9.91608
1098000 -12.0528 10.4861
1099000 -11.2067 10.7613
1100000 -10.8129 10.2376
1101000 -11.3286 10.0512
1102000 -11.1252 9.63255
1103000 -11.7409 10.3082
1104000 -10.5244 10.6949
1105000 -11.2285 10.7066
1106000 -11.8564 10.9388
1107000 -11.7094 10.8098
1108000 -11.0992 10.5304
1109000 -11.0365 10.4587
1110000 -12.1538 10.2835
1111000 -13.1362 10.1978
1112000 -12.4186 9.3382
1113000 -12.2006 8.82881
1114000 -12.26 8.84326
1115000 -12.5843 9.9223
1116000 -12.704 10.3629
1117000 -13.394 9.92687
1118000 -12.9263 10.5646
1119000 -12.1965 11.1824
1120000 -12.2335 11.196
1121000 -12.506 11.2256
1122000 -12.7883 11.1332
1123000 -12.6955 10.6619
1124000 -13.1365 10.2313
1125000 -13.1763 9.36484
1126000 -13.8185 9.43408
1127000 -14.3749 9.00008
1128000 -14.3699 8.6173
1129000 -13.7049 8.4423
1130000 -12.6662 8.79589
1131000 -13.6667 9.18979
1132000 -13.2455 9.86596
1133000 -13.4051 10.1084
1134000 -13.0562 10.1364
1135000 -13.6425 9.58961
1136000 -13.4731 8.67655
1137000 -12.8621 9.82765
1138000 -12.7684 10.2963
1139000 -12.278 10.5423
1140000 -12.4629 10.675
1141000 -12.3043 10.9376
1142000 -12.4205 10.5442
1143000 -12.5229 11.0269
1144000 -12.5708 12.297
1145000 -13.4592 12.3764
1146000 -13.4965 12.2096
1147000 -13.3471 12.6708
1148000 -13.315 12.5533
1149000 -12.9437 11.1779
1150000 -14.1432 10.7858
1151000 -14.3809 11.5269
1152000 -14.7283 11.2299
1153000 -15.1279 11.9597
1154000 -14.6905 11.9531
1155000 -14.8553 12.1328
1156000 -14.4366 12.3876
1157000 -14.2811 12.2407
1158000 -13.3206 11.8152
1159000 -13.3626 11.6179
1160000 -13.6904 11.5061
1161000 -14.2418 12.0851
1162000 -14.7281 11.4359
1163000 -14.4357 11.0606
1164000 -14.7999 11.1907
1165000 -14.2498 11.757
1166000 -14.4442 11.6249
1167000 -14.4613 11.8994
1168000 -14.4386 12.4541
1169000 -14.4076 11.8367
1170000 -13.6359 10.6248
1171000 -14.145 10.8809
1172000 -14.0532 11.4307
1173000 -14.4266 11.829
1174000 -14.6173 11.841
1175000 -13.8089 11.7197
1176000 -12.9299 10.9839
1177000 -12.9006 10.5522
1178000 -12.5416 10.9866
1179000 -12.3623 11.8066
1180000 -13.072 11.8718
1181000 -14.5132 12.0378
1182000 -14.3372 11.7574
1183000 -13.6689 12.1025
1184000 -13.6411 12.9938
1185000 -13.2797 13.6589
1186000 -12.5385 12.8286
1187000 -12.9198 12.1361
1188000 -12.7326 12.1689
1189000 -12.5489 12.4493
1190000 -12.3908 12.3778
1191000 -11.9571 11.8703
1192000 -11.8395 11.7256
1193000 -12.3563 11.5574
1194000 -11.7673 10.4485
1195000 -11.7538 11.0133
1196000 -11.9551 11.3333
1197000 -12.5099 11.2997
1198000 -12.1811 10.5653
1199000 -12.1365 10.9033
1200000 -11.9709 10.5124
1201000 -12.2167 11.263
1202000 -12.4479 10.8015
1203000 -13.0226 10.5608
1204000 -12.5098 11.1763
1205000 -11.5185 9.94482
1206000 -12.4146 9.03872
1207000 -12.4515 10.0182
1208000 -13.2991 10.2874
1209000 -13.6667 10.0492
1210000 -13.1062 10.3965
1211000 -12.517 9.51626
1212000 -13.1294 9.45983
1213000 -12.5626 9.53023
1214000 -12.3848 10.3287
1215000 -12.7207 10.0604
1216000 -12.9985 11.0729
1217000 -12.7494 11.8636
1218000 -13.1821 12.1523
1219000 -13.0976 11.8235
1220000 -13.0872 11.3074
1221000 -12.4183 10.918
1222000 -12.577 10.7758
1223000 -13.2334 9.71097
1224000 -13.598 9.11458
1225000 -13.5374 9.61505
1226000 -14.2019 10.1896
1227000 -13.9463 9.69287
1228000 -14.206 9.7264
1229000 -14.9094 8.91993
1230000 -15.4588 8.89519
1231000 -15.5329 9.11641
1232000 -15.44 9.09341
1233000 -14.7969 7.86063
1234000 -14.3636 8.31038
1235000 -14.4648 8.88955
1236000 -15.6154 9.28486
1237000 -15.301 8.67866
1238000 -15.8085 8.04665
1239000 -15.1798 7.53472
1240000 -14.7422 8.17619
1241000 -14.6509 7.3747
1242000 -15.4825 7.49557
1243000 -14.8161 7.74736
1244000 -14.8393 7.31106
1245000 -14.2641 7.07046
1246000 -15.0715 7.29958
1247000 -15.1737 8.36856
1248000 -14.9058 9.42723
1249000 -13.7042 9.71487
1250000 -14.6522 11.1368
1251000 -14.9989 10.5207
1252000 -15.1754 10.3083
1253000 -14.5276 10.1936
1254000 -14.5862 10.7801
1255000 -13.8768 10.7908
1256000 -13.2829 11.3978
1257000 -13.7973 10.9374
1258000 -14.1653 10.7745
1259000 -15.0475 11.2475
1260000 -15.3007 11.3747
1261000 -15.2389 11.3212
1262000 -14.621 11.5328
1263000 -15.387 12.6191
1264000 -15.4702 12.3724
1265000 -15.4387 11.8504
1266000 -15.7593 11.7868
1267000 -15.7452 11.2495
1268000 -15.1821 11.3308
1269000 -15.663 12.1744
1270000 -14.6487 12.3077
1271000 -13.8411 12.3327
1272000 -14.4159 12.0612
1273000 -14.248 11.8642
1274000 -14.6651 12.3503
1275000 -15.0208 11.5711
1276000 -14.4595 11.9934
1277000 -14.5861 12.0509
1278000 -14.7046 11.8087
1279000 -14.1313 11.6229
1280000 -14.351 12.1102
1281000 -15.1626 12.6047
1282000 -15.2784 12.601
1283000 -14.9067 12.7279
1284000 -15.2934 12.7071
1285000 -15.0752 12.9853
1286000 -13.939 13.2875
1287000 -14.5846 12.4256
1288000 -14.919 12.0407
1289000 -15.4001 11.7808
1290000 -16.0531 12.0855
1291000 -15.4952 11.5093
1292000 -15.2978 12.0733
1293000 -16.1034 12.6035
1294000 -16.4073 12.667
1295000 -16.9032 12.1595
1296000 -16.868 12.3968
1297000 -16.9835 12.9176
1298000 -17.011 13.4462
1299000 -16.0722 13.8707
1300000 -17.2305 13.471
1301000 -16.6873 13.1812
1302000 -16.5012 12.7808
1303000 -17.2905 12.573
1304000 -17.3877 11.4759
1305000 -16.8715 10.7296
1306000 -17.1341 10.9908
1307000 -16.5574 11.7045
1308000 -15.8563 11.2955
1309000 -15.7713 11.2916
1310000 -16.1793 12.3392
1311000 -15.8755 12.1014
1312000 -15.9774 13.3576
1313000 -15.292 13.5883
1314000 -15.3631 13.6576
1315000 -14.647 12.9612
1316000 -14.8212 12.8854
1317000 -15.074 12.3527
1318000 -14.8693 11.2091
1319000 -14.7788 10.4473
1320000 -15.5662 9.72934
1321000 -15.4272 9.41682
1322000 -16.2124 9.62954
1323000 -16.3483 8.80124
1324000 -16.132 9.05719
1325000 -16.8678 10.1365
1326000 -16.9101 10.1428
1327000 -16.6418 10.3769
1328000 -16.5412 10.7095
1329000 -16.585 10.3958
1330000 -16.4708 9.82596
1331000 -16.0322 9.62354
1332000 -16.0228 9.87598
1333000 -14.9072 10.1207
1334000 -14.862 10.4773
1335000 -15.4771 10.6962
1336000 -17.394 10.5614
1337000 -17.5366 10.7725
1338000 -16.2604 10.1811
1339000 -17.4828 9.00119
1340000 -17.0559 8.43544
1341000 -16.6154 8.39228
1342000 -16.296 8.13401
1343000 -16.0503 8.45138
1344000 -16.3014 8.8283
1345000 -16.635 9.24802
1346000 -16.2903 10.0676
1347000 -15.5742 9.44722
1348000 -15.8133 9.17574
1349000 -16.3709 9.13971
1350000 -16.1457 9.49087
1351000 -16.7249 9.49624
1352000 -17.0572 8.7979
1353000 -17.2411 8.49978
1354000 -16.9115 9.11635
1355000 -16.167 9.89402
1356000 -16.2734 9.7078
1357000 -16.8854 10.3973
1358000 -16.6713 10.1289
1359000 -16.0747 10.8157
1360000 -15.8244 10.9394
1361000 -16.2096 10.8226
1362000 -16.0723 11.092
1363000 -16.5345 11.6494
1364000 -17.2054 11.9623
1365000 -17.8532 11.6314
1366000 -17.0273 11.729
1367000 -16.8423 11.2344
1368000 -17.2543 10.8487
1369000 -17.3567 10.6964
1370000 -16.4841 11.1668
1371000 -16.424 11.9578
1372000 -16.492 13.1182
1373000 -17.308 12.7767
1374000 -16.8538 13.9974
1375000 -17.6727 13.0905
1376000 -16.862 12.7222
1377000 -17.0012 13.3966
1378000 -17.2959 12.7186
1379000 -17.1304 12.0167
1380000 -16.6488 11.7487
1381000 -16.4404 11.6918
1382000 -16.9015 11.5757
1383000 -16.7672 12.3069
1384000 -16.3551 11.4753
1385000 -17.2078 11.7852
1386000 -16.9467 9.74971
1387000 -17.1272 11.2026
1388000 -17.5747 11.7998
1389000 -17.7042 12.9834
1390000 -17.6272 12.4491
1391000 -16.8771 12.9069
1392000 -16.4696 12.3694
1393000 -17.0964 11.6019
1394000 -17.6654 12.1039
1395000 -17.392 11.7664
1396000 -17.9463 12.0314
1397000 -18.299 10.9857
1398000 -17.8396 11.1268
1399000 -17.0405 10.9331
1400000 -17.6288 11.5807
1401000 -18.0325 11.2514
1402000 -18.4227 11.4389
1403000 -18.443 11.413
1404000 -18.5164 10.9525
1405000 -17.4628 10.6711
1406000 -17.7348 11.1671
1407000 -17.4949 11.0205
1408000 -17.4038 11.0622
1409000 -17.7419 10.8353
1410000 -17.4268 11.1124
1411000 -16.8188 10.6654
1412000 -16.7239 10.7084
1413000 -17.6949 9.95453
1414000 -18.5022 9.88628
1415000 -17.194 9.76182
1416000 -17.2329 10.2101
1417000 -17.0907 11.0997
1418000 -16.9438 11.2522
1419000 -17.3838 11.3131
1420000 -17.2565 11.8784
1421000 -17.3481 12.3543
1422000 -17.8321 12.222
1423000 -17.6161 11.9523
1424000 -17.3723 11.7479
1425000 -17.539 11.6923
1426000 -17.8445 11.8453
1427000 -18.3996 11.229
1428000 -18.0431 10.8066
1429000 -18.6936 10.7007
1430000 -18.0185 10.0683
1431000 -17.5634 10.9016
1432000 -17.4978 11.3608
1433000 -17.4023 11.5191
1434000 -17.7976 11.6383
1435000 -17.8239 11.7092
1436000 -17.7279 13.1484
1437000 -18.4254 13.0244
1438000 -19.0316 12.8474
1439000 -18.5031 12.8857
1440000 -18.5804 13.7417
1441000 -18.7952 14.5046
1442000 -19.3689 14.8691
1443000 -18.8283 13.6349
1444000 -18.8768 13.8874
1445000 -19.4543 14.2419
1446000 -19.6698 13.6341
1447000 -19.4034 12.9755
1448000 -18.991 12.1442
1449000 -17.8662 12.2125
1450000 -18.4784 11.92
1451000 -18.7738 10.6218
1452000 -18.6122 10.7091
1453000 -18.44 10.6699
1454000 -18.3751 10.8807
1455000 -18.2581 10.7612
1456000 -17.52 10.5128
1457000 -17.2654 11.0442
1458000 -17.7273 12.6217
1459000 -17.6264 13.9822
1460000 -16.7358 13.8468
1461000 -17.1805 14.4312
1462000 -17.1563 13.7045
1463000 -17.5058 13.5825
1464000 -17.9947 13.2228
1465000 -18.3346 11.7248
1466000 -17.5787 11.6589
1467000 -18.9527 12.5675
1468000 -19.5036 13.3096
1469000 -18.8013 13.6584
1470000 -18.3707 13.6822
1471000 -17.6141 13.957
1472000 -17.915 13.9731
1473000 -18.1489 13.4966
1474000 -19.2325 14.4164
1475000 -18.1763 14.1342
1476000 -18.1551 14.7913
1477000 -17.7998 15.8394
1478000 -18.8108 16.1701
1479000 -18.5651 16.1011
1480000 -18.5765 14.2014
1481000 -18.9836 13.5078
1482000 -18.7443 13.7786
1483000 -18.6878 13.3052
1484000 -17.6549 13.0876
1485000 -17.3185 12.6599
1486000 -18.1422 12.0817
1487000 -18.0022 13.5399
1488000 -16.7472 12.9665
1489000 -17.5945 13.3887
1490000 -17.9608 12.8396
1491000 -17.8723 13.293
1492000 -17.3833 14.1369
1493000 -17.6236 14.5486
1494000 -17.6303 14.9751
1495000 -17.6393 14.7662
1496000 -17.8525 14.5843
1497000 -18.0101 13.1118
1498000 -18.3916 13.0686
1499000 -18.1305 13.1533
1500000 -17.9962 14.2185
1501000 -18.0893 14.5597
1502000 -17.6696 14.786
1503000 -18.3568 15.5756
1504000 -18.4423 15.9505
1505000 -17.5004 16.0223
1506000 -17.1504 15.2123
1507000 -18.432 16.0568
1508000 -17.7086 15.6965
1509000 -17.3368 16.2089
1510000 -17.4902 16.4132
1511000 -17.7795 16.2561
1512000 -19.0246 16.0028
1513000 -19.1428 15.1449
1514000 -19.6777 15.0554
1515000 -19.0311 15.1856
1516000 -17.9925 15.2839
1517000 -17.9476 14.8428
1518000 -18.2203 14.375
1519000 -19.0557 14.1904
1520000 -18.9287 14.5174
1521000 -18.3677 14.4516
1522000 -18.7468 14.7624
1523000 -19.5484 14.5526
1524000 -19.1109 14.2406
1525000 -19.0559 14.5646
1526000 -18.9854 14.5474
1527000 -19.5164 14.8559
1528000 -19.9102 15.0171
1529000 -19.1635 14.6766
1530000 -19.1072 13.333
1531000 -19.3452 14.3598
1532000 -20.1078 14.873
1533000 -19.9284 14.2016
1534000 -20.2492 13.2819
1535000 -20.5754 14.2165
1536000 -21.2006 14.3587
1537000 -20.9207 13.5349
1538000 -20.9914 14.4522
1539000 -20.0879 15.1701
1540000 -19.8177 14.8669
1541000 -19.5525 14.9016
1542000 -18.9744 14.8881
1543000 -18.7438 14.7033
1544000 -18.5998 14.3734
1545000 -18.5212 13.4243
1546000 -18.4723 12.8542
1547000 -19.3796 12.0626
1548000 -20.4447 12.1407
1549000 -19.5486 11.7437
1550000 -19.1287 12.4078
1551000 -19.4549 12.0521
1552000 -19.1106 12.132
1553000 -19.2739 11.6843
1554000 -20.1386 11.6296
1555000 -20.0247 11.7748
1556000 -20.0304 12.9758
1557000 -20.3484 12.3857
1558000 -19.7506 12.4736
1559000 -18.9152 11.9201
1560000 -18.7089 11.9477
1561000 -18.5104 12.1023
1562000 -19.9168 11.9085
1563000 -19.705 11.9396
1564000 -18.268 11.72
1565000 -18.5161 11.26
1566000 -18.7812 10.9511
1567000 -18.8172 10.5363
1568000 -19.0087 11.1351
1569000 -19.1401 11.117
1570000 -19.3024 11.0546
1571000 -18.9028 11.8688
1572000 -19.7225 11.7609
1573000 -20.3374 11.9848
1574000 -20.8984 11.8811
1575000 -21.1278 12.1813
1576000 -20.5235 12.693
1577000 -20.2627 12.1997
1578000 -21.1812 12.8679
1579000 -21.7181 13.2867
1580000 -21.5067 12.5175
1581000 -20.6834 13.1564
1582000 -21.1708 13.2454
1583000 -21.1662 12.7899
1584000 -20.4062 13.15
1585000 -20.8647 12.765
1586000 -21.1931 12.4674
1587000 -21.798 12.1801
1588000 -21.4401 11.8036
1589000 -20.6931 12.0938
1590000 -20.6357 12.2652
1591000 -21.3431 12.9617
1592000 -21.4898 13.5501
1593000 -20.9511 14.375
1594000 -21.0121 15.8534
1595000 -21.5198 16.0252
1596000 -21.5693 15.831
1597000 -21.3524 16.7497
1598000 -21.4784 16.778
1599000 -20.5581 16.3221
1600000 -20.453 15.044
1601000 -20.0783 15.4405
1602000 -20.2351 15.7184
1603000 -20.9215 15.6913
1604000 -20.8148 15.8974
1605000 -20.7296 16.0632
1606000 -19.8673 16.2729
1607000 -20.0016 15.3077
1608000 -19.8644 14.7911
1609000 -20.1386 14.4469
1610000 -20.0666 15.3434
1611000 -20.8031 15.1664
1612000 -20.5968 16.0243
1613000 -20.2813 16.2675
1614000 -20.3981 16.423
1615000 -19.959 16.8403
1616000 -20.6516 17.6247
1617000 -20.6048 17.5631
1618000 -20.4702 17.2682
1619000 -19.8838 16.3524
1620000 -20.2866 16.3171
1621000 -20.3019 17.0275
1622000 -19.5083 16.9879
1623000 -19.5622 16.6874
1624000 -19.9485 17.0254
1625000 -19.8718 17.1561
1626000 -19.711 16.8482
1627000 -19.1834 16.5126
1628000 -18.8859 16.8225
1629000 -20.1108 17.3669
1630000 -20.7236 17.5535
1631000 -20.8529 16.9112
1632000 -20.8388 15.978
1633000 -20.2159 15.8165
1634000 -20.7986 16.0683
1635000 -21.2041 16.8269
1636000 -19.9887 15.7979
1637000 -20.2544 15.8195
1638000 -19.4547 15.9
1639000 -19.4107 16.0176
1640000 -19.9413 17.5495
1641000 -20.2824 17.9442
1642000 -19.7612 17.8235
1643000 -19.4684 17.8334
1644000 -19.063 17.927
1645000 -19.1311 18.008
1646000 -19.5763 18.771
1647000 -19.5878 19.2281
1648000 -18.7118 19.5279
1649000 -18.5456 19.6824
1650000 -18.3636 19.4129
1651000 -19.3043 19.2542
1652000 -19.8748 19.1166
1653000 -19.3065 19.0659
1654000 -19.9322 18.6124
1655000 -20.1496 17.944
1656000 -19.5183 17.3151
1657000 -19.3929 17.533
1658000 -20.1316 16.3678
1659000 -20.3807 15.6475
1660000 -19.9257 15.349
1661000 -19.326 16.024
1662000 -19.3465 15.8115
1663000 -18.861 14.8486
1664000 -19.1094 15.3849
1665000 -19.3549 15.4867
1666000 -19.7483 15.1923
1667000 -19.5884 14.7067
1668000 -19.6591 14.689
1669000 -20.7592 14.4321
1670000 -20.4611 15.0868
1671000 -20.4351 15.9273
1672000 -20.0837 16.4574
1673000 -19.4893 16.5551
1674000 -19.6954 15.9128
1675000 -20.0424 14.7566
1676000 -19.761 13.0766
1677000 -19.8736 12.5525
1678000 -19.8661 12.3959
1679000 -20.4488 12.5622
1680000 -21.1954 14.2384
1681000 -20.8186 15.4431
1682000 -20.4306 16.4262
1683000 -20.6745 16.5261
1684000 -21.1571 16.5903
1685000 -21.4249 17.2162
1686000 -21.9682 16.0316
1687000 -21.2584 16.0272
1688000 -21.2837 15.4774
1689000 -21.1444 15.5941
1690000 -21.0609 15.2412
1691000 -20.878 14.5493
1692000 -20.8136 14.3712
1693000 -20.6422 13.9532
1694000 -21.0925 14.4128
1695000 -20.627 14.137
1696000 -20.3142 13.38
1697000 -20.5569 13.3646
1698000 -20.6552 12.9472
1699000 -20.2904 12.7481
1700000 -20.2687 12.1335
1701000 -20.228 12.0417
1702000 -20.093 12.353
1703000 -20.0736 12.4302
1704000 -19.8003 12.8091
1705000 -20.2395 12.633
1706000 -21.4576 13.7941
1707000 -21.7942 13.0606
1708000 -22.2537 13.4182
1709000 -20.9635 13.7314
1710000 -20.7087 13.4151
1711000 -20.1734 12.51
1712000 -20.6835 12.448
1713000 -20.9855 13.0485
1714000 -21.1285 12.9614
1715000 -21.2714 13.7415
1716000 -21.2301 15.5785
1717000 -20.4367 15.0129
1718000 -20.9538 15.3088
1719000 -20.7071 15.2999
1720000 -21.7065 13.9909
1721000 -21.7256 13.976
1722000 -21.6465 14.7166
1723000 -21.2541 15.0134
1724000 -20.8809 15.0698
1725000 -20.5516 15.263
1726000 -21.6289 14.9932
1727000 -21.7291 15.4481
1728000 -21.1986 15.8311
1729000 -21.1042 15.1819
1730000 -20.5883 15.9903
1731000 -21.3084 16.2454
1732000 -21.9861 16.8904
1733000 -22.104 16.4428
1734000 -21.9205 16.476
1735000 -22.019 16.6803
1736000 -21.4182 16.0513
1737000 -21.1299 15.6924
1738000 -21.1241 15.7045
1739000 -21.5663 14.5048
1740000 -20.9836 14.454
1741000 -21.822 15.5976
1742000 -22.3519 16.0822
1743000 -22.4801 16.5825
1744000 -22.3797 15.8256
1745000 -22.3123 16.2981
1746000 -21.8231 16.472
1747000 -21.9698 15.376
1748000 -21.819 15.2195
1749000 -22.0966 16.3985
1750000 -21.6598 16.2696
1751000 -21.4032 16.3667
1752000 -20.7597 16.462
1753000 -20.4569 16.035
1754000 -20.3772 15.91
1755000 -20.7163 15.8113
1756000 -20.2928 14.5415
1757000 -19.5972 13.8209
1758000 -20.1703 13.0115
1759000 -19.6234 12.1844
1760000 -19.4058 13.4124
1761000 -19.8318 12.726
1762000 -20.0308 12.8554
1763000 -20.2368 13.1303
1764000 -19.295 12.5194
1765000 -19.1163 13.8907
1766000 -19.6172 14.4074
1767000 -20.5819 14.2789
1768000 -20.1461 14.8465
1769000 -19.9998 15.0717
1770000 -20.7343 14.5924
1771000 -21.5544 14.6421
1772000 -22.0145 14.1099
1773000 -21.3936 13.6844
1774000 -21.2014 14.0084
1775000 -21.4504 12.8487
1776000 -21.833 13.0922
1777000 -20.8241 12.9071
1778000 -20.8684 13.1906
1779000 -20.1209 12.5045
1780000 -20.6659 11.7579
1781000 -21.8134 12.5306
1782000 -22.6657 12.6863
1783000 -21.6192 12.9533
1784000 -21.6185 13.3387
1785000 -20.9348 13.5296
1786000 -21.1471 12.6947
1787000 -20.8517 12.786
1788000 -20.861 12.8297
1789000 -21.694 12.8734
1790000 -22.6923 13.8091
1791000 -22.4491 13.3291
1792000 -22.0632 14.1244
1793000 -21.3608 14.9305
1794000 -21.5628 14.7198
1795000 -21.572 14.8748
1796000 -20.8654 14.1375
1797000 -21.0399 13.7566
1798000 -21.919 13.1366
1799000 -22.3703 13.5101
1800000 -21.807 14.1045
1801000 -22.4683 14.1232
1802000 -22.2024 14.0837
1803000 -22.5377 14.2479
1804000 -22.9771 13.1817
1805000 -23.2663 13.1345
1806000 -22.0418 13.651
1807000 -22.6415 14.5847
1808000 -22.4923 14.7358
1809000 -21.9733 14.3994
1810000 -20.9339 14.7916
1811000 -21.2844 14.7196
1812000 -21.6554 14.2115
1813000 -21.223 14.2283
1814000 -22.1757 13.9757
1815000 -22.6543 14.6645
1816000 -22.6085 13.7159
1817000 -22.8326 13.9725
1818000 -22.5744 13.7971
1819000 -22.426 13.4124
1820000 -21.9086 14.0052
1821000 -21.3599 14.266
1822000 -21.795 14.8413
1823000 -21.8254 14.505
1824000 -21.5693 13.6428
1825000 -22.0503 13.9075
1826000 -22.8759 14.4498
1827000 -22.3947 14.2895
1828000 -21.9917 13.2887
1829000 -22.3842 13.022
1830000 -23.4007 14.1561
1831000 -23.6825 13.2131
1832000 -23.8032 14.2778
1833000 -23.3896 14.3145
1834000 -23.4859 13.9047
1835000 -23.3569 14.5095
1836000 -23.5844 15.1183
1837000 -22.8367 15.5599
1838000 -22.9574 15.8717
1839000 -22.7038 15.3203
1840000 -22.3252 15.1615
1841000 -22.4371 15.6853
1842000 -22.5521 15.4559
1843000 -22.7959 15.5216
1844000 -23.1021 16.2797
1845000 -23.2866 16.1066
1846000 -23.7896 16.1939
1847000 -24.4429 15.8762
1848000 -24.9046 17.9697
1849000 -24.3506 17.4773
1850000 -24.347 16.6985
1851000 -24.1349 15.6933
1852000 -24.1603 15.8527
1853000 -23.6661 16.2354
1854000 -24.3359 16.0968
1855000 -24.2057 14.4111
1856000 -23.4655 14.2127
1857000 -23.4146 14.4455
1858000 -23.5318 14.3546
1859000 -22.9397 14.9556
1860000 -22.8023 15.812
1861000 -23.4503 16.5578
1862000 -23.3421 16.6847
1863000 -24.0448 16.7951
1864000 -23.7581 16.5219
1865000 -23.3028 17.0586
1866000 -24.3003 17.1452
1867000 -23.6693 17.4729
1868000 -23.7514 19.0515
1869000 -23.8667 19.1929
1870000 -24.2011 18.8729
1871000 -24.962 19.6948
1872000 -24.9372 19.5559
1873000 -24.4252 17.9177
1874000 -24.5541 17.7092
1875000 -24.1338 17.3386
1876000 -23.661 17.4909
1877000 -23.7289 17.7147
1878000 -24.5027 17.827
1879000 -24.2481 17.7259
1880000 -24.0301 17.5797
1881000 -23.2024 17.8391
1882000 -24.6689 17.905
1883000 -24.4878 18.4746
1884000 -23.6276 19.5866
1885000 -23.536 18.2587
1886000 -23.9199 17.7504
1887000 -24.0857 16.5024
1888000 -23.2599 15.9454
1889000 -22.9815 15.9765
1890000 -23.4623 16.6745
1891000 -23.7266 16.0712
1892000 -23.7314 15.1833
1893000 -23.1605 14.4598
1894000 -23.2031 13.8702
1895000 -23.7455 14.2666
1896000 -23.2215 15.1876
1897000 -22.3822 15.0851
1898000 -22.3919 16.0011
1899000 -22.1857 15.2959
1900000 -22.6005 14.4835
1901000 -22.3575 14.414
1902000 -22.6544 14.3509
1903000 -22.9097 14.3978
1904000 -23.667 14.6888
1905000 -23.8873 15.6528
1906000 -23.4704 15.4419
1907000 -23.1217 15.7101
1908000 -23.7994 15.6448
1909000 -23.4835 15.8276
1910000 -23.6068 15.6118
1911000 -23.2885 15.8432
1912000 -24.0158 15.9008
1913000 -23.4853 15.4326
1914000 -22.8417 16.229
1915000 -22.4337 16.6425
1916000 -22.4302 16.4493
1917000 -22.7902 16.4066
1918000 -22.8225 16.6302
1919000 -22.4254 16.8353
1920000 -23.0991 15.6636
1921000 -22.9974 16.6715
1922000 -22.8726 17.1152
1923000 -23.0971 17.2743
1924000 -23.0417 17.9502
1925000 -22.5611 18.9639
1926000 -22.2296 18.413
1927000 -22.6746 18.6243
1928000 -21.8806 17.7799
1929000 -21.5605 17.2812
1930000 -21.6769 17.459
1931000 -21.559 16.6456
1932000 -21.009 16.0569
1933000 -21.4829 15.7061
1934000 -20.8936 16.5179
1935000 -21.2141 17.6446
1936000 -21.466 18.4112
1937000 -21.9608 19.3278
1938000 -22.6188 18.8186
1939000 -23.5151 18.0117
1940000 -23.0442 17.3571
1941000 -22.7926 16.6901
1942000 -23.1289 17.1045
1943000 -22.5923 16.8263
1944000 -22.967 15.4112
1945000 -24.7721 14.3809
1946000 -24.5232 15.1212
1947000 -24.52 14.0017
1948000 -24.7523 14.7167
1949000 -24.3548 15.1056
1950000 -23.6431 15.1864
1951000 -24.5716 13.9918
1952000 -23.8297 13.7638
1953000 -23.4879 13.996
1954000 -23.5627 14.6403
1955000 -22.971 14.2409
1956000 -22.6132 14.6171
1957000 -22.8041 14.5975
1958000 -23.627 14.8529
1959000 -23.3495 15.2294
1960000 -22.4094 16.5513
1961000 -21.9167 15.733
1962000 -22.677 15.1232
1963000 -23.4129 15.6322
1964000 -23.5025 15.603
1965000 -22.7373 15.9839
1966000 -23.412 15.6226
1967000 -23.8885 15.0799
1968000 -24.2895 14.5862
1969000 -24.76 13.7201
1970000 -24.2842 13.8513
1971000 -24.6491 14.262
1972000 -24.5039 14.3808
1973000 -24.3345 14.6546
1974000 -24.0589 14.3412
1975000 -23.3352 14.7045
1976000 -23.5686 14.5035
1977000 -23.5847 14.8031
1978000 -23.3625 15.2894
1979000 -23.5748 15.794
1980000 -24.0337 15.9603
1981000 -25.0654 14.8854
1982000 -25.1363 14.9113
1983000 -25.3422 15.3705
1984000 -26.1075 15.5334
1985000 -25.8938 16.009
1986000 -25.3373 15.535
1987000 -26.2613 15.9412
1988000 -26.6942 16.0823
1989000 -26.6471 16.3915
1990000 -25.7627 14.8285
1991000 -25.1284 15.4869
1992000 -25.322 15.534
1993000 -25.8445 16.7138
1994000 -26.1445 16.3672
1995000 -24.9878 16.3352
1996000 -25.9506 16.5828
1997000 -25.6412 16.9328
1998000 -25.7849 16.4089
1999000 -25.846 15.8726
2000000 -24.4835 15.8809
